2
1000
8 20
0 0 0 0 0 2 0 0 0 0 0 0 0 0 0 0 0 0 0 5 0
0 5 5 5 5 5 0 5 0 5 5 5 5 5 5 5 5 5 2 5 0
0 5 0 0 0 5 0 5 0 5 0 0 0 0 0 0 0 5 0 5 0
0 5 5 5 0 5 0 5 5 5 4 5 5 5 0 5 0 5 0 5 0
0 0 0 0 0 5 0 5 0 0 0 0 0 5 0 5 0 5 0 5 0
5 5 5 5 5 5 0 5 0 5 5 5 2 5 0 5 0 5 0 5 0
0 3 0 5 3 5 0 2 0 5 0 0 0 5 0 5 0 5 0 0 0
0 5 0 5 0 5 5 5 5 5 0 5 5 5 0 5 0 5 5 5 5
0 5 0 0 0 0 3 0 0 5 0 5 0 0 0 5 2 0 0 5 0
0 5 5 5 5 5 5 5 0 5 5 5 0 5 5 5 0 5 0 5 0
0 5 0 5 0 0 6 0 0 5 0 0 2 0 0 5 0 5 3 0 3
0 5 3 5 5 5 5 5 5 5 0 5 5 5 0 5 0 5 5 5 5
0 5 0 2 0 0 0 0 0 5 0 5 0 0 0 5 0 0 2 0 0
0 5 0 5 5 5 5 5 0 5 0 5 5 5 0 5 5 5 5 5 5
0 5 0 0 0 5 0 0 0 5 0 5 0 0 0 5 0 0 0 0 0
0 5 5 5 0 5 0 5 0 5 0 5 0 5 5 5 0 5 5 5 0
0 0 3 0 0 5 0 5 0 0 0 5 0 5 0 5 0 0 0 5 0
5 5 5 5 5 5 0 5 5 5 5 5 0 5 2 5 5 5 0 5 0
0 0 0 0 0 0 0 5 0 5 0 0 0 5 0 0 0 0 0 5 0
0 5 5 5 5 5 5 5 0 5 0 5 5 5 0 5 5 5 5 5 0
0 0 0 0 0 0 0 0 0 5 0 2 0 2 0 5 0 0 0 0 0
0 5 0 0 0 3 0 0 0 0 0 0 0 0 0 0 0 5 0 0 0
0 5 0 5 5 5 5 5 0 5 0 5 5 5 5 5 0 5 4 5 5
0 0 0 0 0 0 0 5 0 5 0 2 0 5 3 2 0 5 0 2 0
2 5 5 5 5 5 5 5 0 5 5 5 0 5 0 5 3 5 5 5 0
0 5 0 0 0 2 0 5 2 5 2 5 0 5 0 5 0 0 0 0 0
0 5 0 5 5 5 0 5 0 5 2 5 0 5 0 5 5 5 5 5 5
0 5 0 0 0 5 0 0 0 5 0 3 0 5 0 0 0 0 0 0 3
0 5 5 5 0 5 5 5 5 5 5 5 5 5 5 5 5 5 0 5 0
0 3 2 5 0 5 3 0 2 5 0 0 0 5 0 5 0 0 0 5 0
5 5 2 5 0 5 5 5 0 5 0 5 0 5 2 5 3 5 5 5 0
0 0 0 5 0 0 0 5 0 5 0 5 2 0 0 5 0 5 2 0 0
0 5 5 5 5 5 3 5 0 5 0 5 5 5 5 5 0 5 5 5 0
0 0 0 5 3 5 0 2 2 5 0 0 0 0 0 5 0 0 2 5 0
5 5 0 5 0 5 0 5 5 5 5 5 5 5 3 5 5 5 0 5 0
0 0 0 0 0 5 0 0 0 5 2 0 0 5 0 0 0 0 0 5 2
0 5 5 5 5 5 5 5 5 5 0 5 0 5 5 5 5 5 5 5 0
3 0 0 0 0 5 2 0 0 0 2 5 0 3 0 5 0 0 0 0 0
5 5 5 5 0 5 5 5 0 5 5 5 5 5 0 5 0 5 5 5 0
0 0 0 5 0 5 0 2 0 5 0 0 0 0 0 5 0 0 0 5 0
6 5 3 5 0 5 0 5 5 5 5 5 5 5 5 5 5 5 0 5 0
0 5 0 0 0 5 0 0 0 0 0 0 0 0 0 0 0 0 0 5 0
2 0 0 0 0 0 2 0 2 5 0 0 3 3 3 2 2 0 2 0 0
0 5 5 5 5 5 5 5 0 5 0 5 5 5 5 5 5 5 5 5 5
0 2 0 0 0 0 3 5 0 5 0 5 0 2 4 0 0 0 0 0 0
0 5 5 5 5 5 0 5 0 5 0 5 0 5 5 5 5 5 5 5 3
0 0 2 3 3 5 0 5 0 0 0 5 0 0 0 5 0 3 2 5 0
0 5 5 5 2 5 3 5 5 5 5 5 2 5 0 5 0 5 0 5 2
0 5 0 5 0 5 0 2 0 0 0 5 2 5 0 0 0 5 0 5 0
0 5 0 5 0 5 5 5 5 5 0 5 0 5 5 5 5 5 0 5 0
0 5 0 0 0 5 3 0 2 0 2 5 0 0 0 5 6 0 3 5 0
0 5 5 5 5 5 0 5 5 5 5 5 5 5 0 5 5 5 5 5 0
0 0 0 0 0 5 0 0 0 3 0 5 0 5 0 0 2 5 0 0 0
0 5 5 5 0 5 5 5 5 5 0 5 0 5 5 5 0 5 0 5 5
0 0 0 5 0 0 0 0 0 5 2 0 0 5 0 0 0 5 0 0 0
5 5 0 5 5 5 5 5 0 5 5 5 5 5 0 5 3 5 5 5 2
0 0 0 2 2 5 0 5 0 0 0 0 0 0 0 5 0 0 2 5 0
0 5 5 5 0 5 0 5 0 5 5 5 5 5 5 5 5 5 5 5 0
3 5 0 5 3 0 0 5 0 0 0 5 2 0 0 5 2 0 0 5 0
0 5 0 5 5 5 5 5 5 5 0 5 0 5 5 5 5 5 0 5 0
0 5 0 0 0 3 0 5 0 0 0 5 3 2 0 0 0 5 0 5 0
0 5 0 5 5 5 0 5 0 5 5 5 5 5 5 5 0 5 0 5 0
0 0 0 5 0 2 0 5 0 3 0 0 0 2 0 0 2 5 0 3 0
0 0 0 0 0 0 0 0 0 0 0 0 0 0 0 0 0 0 0 0 0
0 5 0 0 0 0 0 0 0 0 0 0 0 0 0 0 0 0 0 0 0
0 0 0 0 0 0 0 0 0 0 0 0 0 0 0 0 0 0 0 0 0
3 5 0 0 0 0 0 0 0 0 0 0 0 0 0 0 0 0 0 0 0
0 0 0 0 0 0 0 0 0 0 0 0 0 0 0 0 0 0 0 0 0
0 5 0 0 0 0 0 0 0 0 0 0 0 0 0 0 0 0 0 0 0
0 5 0 0 0 0 0 0 0 0 0 0 0 0 0 0 0 0 0 0 0
0 5 0 0 0 0 0 0 0 0 0 0 0 0 0 0 0 0 0 0 0
0 5 0 0 0 0 0 0 0 0 0 0 0 0 0 0 0 0 0 0 0
0 5 0 0 5 0 0 0 0 0 0 0 0 0 0 0 0 0 0 0 0
0 0 0 0 3 5 0 0 0 0 0 0 0 0 0 0 0 0 0 0 0
0 5 5 5 0 5 0 0 5 0 0 0 0 0 0 0 0 0 0 0 0
0 0 0 0 0 0 2 2 0 5 0 0 0 0 0 0 0 0 0 0 0
0 0 0 0 5 5 0 0 0 5 0 0 5 5 0 0 0 0 0 0 0
0 0 0 0 0 0 0 5 0 0 0 0 0 0 0 5 0 0 0 0 0
0 0 0 0 0 0 0 5 0 5 5 5 5 0 5 0 0 0 0 0 0
0 0 0 0 0 0 0 5 2 0 0 0 0 0 0 0 0 0 0 0 0
0 0 0 0 0 0 0 0 5 0 0 5 0 0 0 0 0 0 0 0 0
0 0 0 0 0 0 0 5 0 0 2 5 0 0 0 0 0 0 0 0 0
0 0 0 0 0 0 0 5 0 5 5 0 0 0 0 0 0 0 0 0 0
0 0 0 0 0 0 0 5 0 0 0 0 0 0 0 0 0 0 0 0 0
0 0 0 0 0 300 0 0 0 0 0 0 0 0 0 0 0 0 0 0 0
0 0 0 0 0 0 0 0 0 0 0 0 0 0 0 0 0 0 800 0 0
0 0 0 0 0 0 0 0 0 0 0 0 0 0 0 0 0 0 0 0 0
0 0 0 0 0 0 0 0 0 0 0 0 0 0 0 0 0 0 0 0 0
0 0 0 0 0 0 0 0 0 0 0 0 0 0 0 0 0 0 0 0 0
0 0 0 0 0 0 0 0 0 0 0 0 400 0 0 0 0 0 0 0 0
0 0 0 0 0 0 0 400 0 0 0 0 0 0 0 0 0 0 0 0 0
0 0 0 0 0 0 0 0 0 0 0 0 0 0 0 0 0 0 0 0 0
0 0 0 0 0 0 0 0 0 0 0 0 0 0 0 0 800 0 0 0 0
0 0 0 0 0 0 0 0 0 0 0 0 0 0 0 0 0 0 0 0 0
0 0 0 0 0 0 0 0 0 0 0 0 200 0 0 0 0 0 0 0 0
0 0 0 0 0 0 0 0 0 0 0 0 0 0 0 0 0 0 0 0 0
0 0 0 200 0 0 0 0 0 0 0 0 0 0 0 0 0 0 600 0 0
0 0 0 0 0 0 0 0 0 0 0 0 0 0 0 0 0 0 0 0 0
0 0 0 0 0 0 0 0 0 0 0 0 0 0 0 0 0 0 0 0 0
0 0 0 0 0 0 0 0 0 0 0 0 0 0 0 0 0 0 0 0 0
0 0 0 0 0 0 0 0 0 0 0 0 0 0 0 0 0 0 0 0 0
0 0 0 0 0 0 0 0 0 0 0 0 0 0 700 0 0 0 0 0 0
0 0 0 0 0 0 0 0 0 0 0 0 0 0 0 0 0 0 0 0 0
0 0 0 0 0 0 0 0 0 0 0 0 0 0 0 0 0 0 0 0 0
0 0 0 0 0 0 0 0 0 0 0 500 0 500 0 0 0 0 0 0 0
0 0 0 0 0 0 0 0 0 0 0 0 0 0 0 0 0 0 0 0 0
0 0 0 0 0 0 0 0 0 0 0 0 0 0 0 0 0 0 0 0 0
0 0 0 0 0 0 0 0 0 0 0 300 0 0 0 500 0 0 0 900 0
600 0 0 0 0 0 0 0 0 0 0 0 0 0 0 0 0 0 0 0 0
0 0 0 0 0 400 0 0 600 0 400 0 0 0 0 0 0 0 0 0 0
0 0 0 0 0 0 0 0 0 0 900 0 0 0 0 0 0 0 0 0 0
0 0 0 0 0 0 0 0 0 0 0 0 0 0 0 0 0 0 0 0 0
0 0 0 0 0 0 0 0 0 0 0 0 0 0 0 0 0 0 0 0 0
0 0 300 0 0 0 0 0 200 0 0 0 0 0 0 0 0 0 0 0 0
0 0 600 0 0 0 0 0 0 0 0 0 0 0 700 0 0 0 0 0 0
0 0 0 0 0 0 0 0 0 0 0 0 800 0 0 0 0 0 600 0 0
0 0 0 0 0 0 0 0 0 0 0 0 0 0 0 0 0 0 0 0 0
0 0 0 0 0 0 0 600 800 0 0 0 0 0 0 0 0 0 400 0 0
0 0 0 0 0 0 0 0 0 0 0 0 0 0 0 0 0 0 0 0 0
0 0 0 0 0 0 0 0 0 0 200 0 0 0 0 0 0 0 0 0 200
0 0 0 0 0 0 0 0 0 0 0 0 0 0 0 0 0 0 0 0 0
0 0 0 0 0 0 900 0 0 0 500 0 0 0 0 0 0 0 0 0 0
0 0 0 0 0 0 0 0 0 0 0 0 0 0 0 0 0 0 0 0 0
0 0 0 0 0 0 0 400 0 0 0 0 0 0 0 0 0 0 0 0 0
0 0 0 0 0 0 0 0 0 0 0 0 0 0 0 0 0 0 0 0 0
0 0 0 0 0 0 0 0 0 0 0 0 0 0 0 0 0 0 0 0 0
100 0 0 0 0 0 700 0 700 0 0 0 0 0 0 900 600 0 600 0 0
0 0 0 0 0 0 0 0 0 0 0 0 0 0 0 0 0 0 0 0 0
0 600 0 0 0 0 0 0 0 0 0 0 0 600 0 0 0 0 0 0 0
0 0 0 0 0 0 0 0 0 0 0 0 0 0 0 0 0 0 0 0 0
0 0 300 0 0 0 0 0 0 0 0 0 0 0 0 0 0 0 700 0 0
0 0 0 0 100 0 0 0 0 0 0 0 700 0 0 0 0 0 0 0 500
0 0 0 0 0 0 0 700 0 0 0 0 500 0 0 0 0 0 0 0 0
0 0 0 0 0 0 0 0 0 0 0 0 0 0 0 0 0 0 0 0 0
0 0 0 0 0 0 0 0 400 0 500 0 0 0 0 0 0 0 0 0 0
0 0 0 0 0 0 0 0 0 0 0 0 0 0 0 0 0 0 0 0 0
0 0 0 0 0 0 0 0 0 0 0 0 0 0 0 0 100 0 0 0 0
0 0 0 0 0 0 0 0 0 0 0 0 0 0 0 0 0 0 0 0 0
0 0 0 0 0 0 100 400 0 0 200 0 0 0 0 0 0 0 0 0 0
0 0 0 0 0 0 0 0 0 0 0 0 0 0 0 0 0 0 0 0 500
0 0 0 900 700 0 0 0 0 0 0 0 0 0 0 0 0 0 700 0 0
0 0 0 0 0 0 0 0 0 0 0 0 0 0 0 0 0 0 0 0 0
0 0 0 0 0 0 0 0 400 0 0 0 300 0 0 0 900 0 0 0 0
0 0 0 0 0 0 0 0 0 0 0 0 0 0 0 0 0 0 0 0 0
0 0 0 0 0 0 0 0 0 0 100 0 0 700 0 0 0 0 0 0 0
0 0 0 0 0 0 0 0 0 0 0 0 0 0 0 0 0 0 0 0 0
0 0 0 0 0 300 0 0 0 0 0 0 0 300 0 0 200 0 0 0 0
